181
117
135
194
102
149
115
125
186
146
137
185
192
126
109
101
111
194
145
190
198
189
162
134
199
175
140
110
187
173
164
137
104
197
196
184
191
155
175
190
198
185
114
134
121
149
121
127
117
194
131
133
111
113
177
171
168
154
101
177
146
178
183
131
121
173
174
104
155
182
159
116
144
128
161
171
162
189
109
122
184
132
104
148
151
129
145
198
198
162
116
179
135
163
190
155
104
144
140
166
133
168
129
128
121
133
121
199
195
115
149
165
191
191
131
144
110
191
184
101
100
132
100
196
142
177
142
106
159
164
120
110
116
192
124
163
186
165
194
123
182
172
183
191
100
188
121
195
153
193
100
147
102
189
141
196
118
119
108
160
174
177
131
113
192
168
129
102
141
127
167
110
125
136
168
114
160
141
1000340
1000381
160
163
164
137
133
174
110
104
151
109
103
137
104
197
196
100
156
108
117
177
163
108
